i,x,y,z,dx,dy,dz,nx,ny,nz,bx,by,bz,qx,qy,qz,qw,o,a,t,radius,rmse,bend
0,-8.168209433433999e-16,1.088527975421993,-1.1102230246251565e-16,8.58720603894512e-16,1.0,2.0751021223451133e-16,-1.7819329476429793e-31,-2.0751021223451133e-16,1.0,1.0,-8.58720603894512e-16,0.0,1.126182505853357e-16,-3.411362765114699e-17,0.7071067811865472,0.7071067811865478,0.0,0.0,89.99999999999994,2.0294162848491877,0.021999852155076383,0
1,5.356975171615097e-17,1.6612045511203848,2.220446049250313e-16,6.954181721788654e-16,1.0,1.8744673837140163e-16,-1.6424079044285575e-31,-1.8744673837140163e-16,1.0,1.0,-6.954181721788654e-16,3.388692226372565e-32,1.055247413739537e-16,-2.7020118439765026e-17,0.7071067811865472,0.7071067811865478,0.0,0.0,89.99999999999994,2.000171636563933,0.00012824952801186393,0
2,4.488314397515405e-16,2.1303617751527644,2.3734139962753545e-16,5.496419365503265e-16,1.0,1.3640885600717058e-16,-1.3618822994275204e-31,-1.3640885600717058e-16,1.0,1.0,-5.496419365503265e-16,6.121220216435616e-32,8.748012501537917e-17,-8.975502081190489e-18,0.7071067811865474,0.7071067811865477,0.0,0.0,90.0,1.9999999999999993,4.1426461699091414e-16,0
3,2.220446049250313e-16,3.3422046553034965,9.480861338050375e-16,3.953073778879735e-16,1.0,6.566123118689289e-17,-1.0822117188324595e-31,-6.566123118689289e-17,1.0,1.0,-3.953073778879735e-16,8.226480275385929e-32,6.246706238374914e-17,1.603756055043954e-17,0.7071067811865474,0.7071067811865477,0.0,0.0,90.0,2.0,8.336630270683252e-16,0
4,-2.3592239273284576e-16,3.7784080501893977,-6.062261006701814e-16,2.1946143690259076e-16,1.0,2.6044480292167052e-17,-9.952682280647743e-32,-2.6044480292167052e-17,1.0,1.0,-2.1946143690259076e-16,9.381106373817724e-32,4.84604257806297e-17,3.004419715355898e-17,0.7071067811865475,0.7071067811865476,0.0,0.0,90.0,1.9999999999999993,5.29766398929187e-16,0
5,-4.512816433845701e-16,4.21620458067342,-1.835858587922676e-16,6.348456038936915e-17,1.0,7.729181110314428e-18,-9.836408408951774e-32,-7.729181110314428e-18,1.0,1.0,-6.348456038936915e-17,9.787340042455962e-32,4.198498965515549e-17,3.651963327903319e-17,0.7071067811865475,0.7071067811865476,0.0,0.0,90.0,1.9999999999999998,4.376372076805714e-16,0
6,-1.332267629550189e-16,5.826486249377845,2.1510571102099942e-16,-7.390655806700084e-17,1.0,-5.67015981750625e-17,-1.0312594122007457e-31,5.67015981750625e-17,1.0,1.0,7.390655806700084e-17,9.893532126205757e-32,1.9205269180243604e-17,5.929935375394507e-17,0.7071067811865475,0.7071067811865476,0.0,0.0,90.0,1.9999999999999991,4.038339036688484e-16,0
7,2.641256065891259e-16,7.6576777495404205,2.371546603059142e-16,-1.3530564147675853e-16,1.0,-1.6860840147205844e-16,-1.1826756302578805e-31,1.6860840147205844e-16,1.0,1.0,1.3530564147675853e-16,9.545389510624035e-32,-2.035976055586386e-17,9.886438349005254e-17,0.7071067811865476,0.7071067811865475,0.0,0.0,90.0,1.9999999999999996,2.6127917847709276e-16,0
8,3.642642365773209e-16,9.628385206319717,5.500378172907544e-18,-1.0846327889595523e-16,1.0,-8.448699614736057e-17,-1.0914347957893566e-31,8.448699614736057e-17,1.0,1.0,1.0846327889595523e-16,9.9979742952723e-32,9.38164751815415e-18,6.912297541603453e-17,0.7071067811865476,0.7071067811865475,0.0,0.0,90.0,1.9999999999999993,3.6303287396459174e-16,0
9,1.488784355008226e-17,11.629648250742942,1.1310312022241016e-15,-1.9179698233894708e-17,1.0,8.054863368480027e-17,-1.0597814600091406e-31,-8.054863368480027e-17,1.0,1.0,1.9179698233894708e-17,1.0752304448814105e-31,6.773055401401104e-17,1.0774068920177618e-17,0.7071067811865475,0.7071067811865476,0.0,0.0,90.0,2.0,9.46072787572594e-16,0
10,8.288471766579416e-16,13.630911295166168,1.6735898823718236e-15,9.373330301262672e-18,1.0,1.3219417620899253e-17,-1.0534704701982202e-31,-1.3219417620899253e-17,1.0,1.0,-9.373330301262672e-18,1.05223137052071e-31,4.392608138863174e-17,3.4578541545556935e-17,0.7071067811865475,0.7071067811865476,0.0,0.0,90.0,2.0,1.4895204919483639e-15,0
11,-7.192172516512533e-17,15.632174339589392,1.484050061738476e-16,7.380341629265627e-18,1.0,-2.5329035681586496e-18,-1.0523078950799286e-31,2.5329035681586496e-18,1.0,1.0,-7.380341629265627e-18,1.0524948320163987e-31,3.835679482252604e-17,4.014782811166263e-17,0.7071067811865475,0.7071067811865476,0.0,0.0,90.0,1.9999999999999991,4.038339036688484e-16,0
12,-9.817705979236827e-16,17.633437384012616,-6.288663293916559e-16,-1.8730285377727986e-17,1.0,2.2223690193489253e-17,-1.0476709144185672e-31,-2.2223690193489253e-17,1.0,1.0,1.8730285377727986e-17,1.0518334750132698e-31,4.7109572486496944e-17,3.139505044769172e-17,0.7071067811865475,0.7071067811865476,0.0,0.0,90.0,1.9999999999999998,7.994080217505557e-16,0
13,-7.680131897810562e-16,19.634700428435835,1.1299586378225392e-15,-8.059750037647578e-18,1.0,2.2905522363691582e-17,-1.0476159604499726e-31,-2.2905522363691582e-17,1.0,1.0,8.059750037647578e-18,1.0494620882973037e-31,4.735063656208755e-17,3.1153986372101125e-17,0.7071067811865475,0.7071067811865476,0.0,0.0,90.0,1.999999999999999,1.1093686781926447e-15,0
14,-8.490628626898034e-16,21.63596347285906,1.3362027164143805e-16,-2.9453926545053335e-17,1.0,-2.09510571049171e-17,-1.0605334451518297e-31,2.09510571049171e-17,1.0,1.0,2.9453926545053335e-17,1.0543625361817351e-31,3.184499419113759e-17,4.6659628743051074e-17,0.7071067811865475,0.7071067811865476,0.0,0.0,90.0,1.9999999999999991,7.54876298480092e-16,0
15,4.61241392630545e-16,23.637226517282286,3.096916145590333e-16,-9.346294990096978e-18,1.0,-2.4080154452653626e-17,-1.0608258998204764e-31,2.4080154452653626e-17,1.0,1.0,9.346294990096978e-18,1.0585752975512605e-31,3.0738691214348926e-17,4.776593171983974e-17,0.7071067811865475,0.7071067811865476,0.0,0.0,90.0,1.9999999999999993,4.108171399920238e-16,0
16,-8.881784362411114e-17,25.638489561705505,5.551115123125783e-17,3.5188521493997217e-17,1.0,4.9889925175327415e-17,-1.0868548771894953e-31,-4.9889925175327415e-17,1.0,1.0,-3.5188521493997217e-17,1.069299350145836e-31,5.689106366927608e-17,2.16135592649126e-17,0.7071067811865475,0.7071067811865476,0.0,0.0,90.0,1.999999999999999,6.181460191301304e-16,0
17,4.440892098500729e-17,27.63975260612873,9.808255689754687e-16,4.914244162317934e-17,1.0,5.260977177350242e-17,-1.0881914762162435e-31,-5.260977177350242e-17,1.0,1.0,-4.914244162317934e-17,1.0623377498343622e-31,5.785267465595443e-17,2.0651948278234247e-17,0.7071067811865475,0.7071067811865476,0.0,0.0,90.0,1.9999999999999998,7.195067539997724e-16,0
18,4.440892098500729e-17,29.64101565055195,9.808255689755192e-16,6.333871426791133e-17,1.0,4.510214535991067e-17,-1.0834362421738363e-31,-4.510214535991067e-17,1.0,1.0,-6.333871426791133e-17,1.0548691231956245e-31,5.519832788212144e-17,2.330629505206723e-17,0.7071067811865475,0.7071067811865476,0.0,0.0,90.0,1.9999999999999998,7.195067539997724e-16,0
19,-2.6168488551686655e-16,31.64227869497516,1.0690811417583195e-15,1.1955067620924476e-17,1.0,4.662683139923736e-17,-1.0836185194208445e-31,-4.662683139923736e-17,1.0,1.0,-1.1955067620924476e-17,1.0780442501975712e-31,5.573738580091562e-17,2.2767237133273045e-17,0.7071067811865475,0.7071067811865476,0.0,0.0,90.0,1.9999999999999998,8.477604590109237e-16,0
20,6.81931231222422e-16,33.64354173939839,-1.145192709944328e-16,-2.252289991774595e-17,1.0,-5.152755450935708e-18,-1.0952807839449313e-31,5.152755450935708e-18,1.0,1.0,2.252289991774595e-17,1.094120233991711e-31,3.743053730651804e-17,4.1074085627670626e-17,0.7071067811865475,0.7071067811865476,0.0,0.0,90.0,1.9999999999999991,6.158409296133417e-16,0
21,-4.680367765423086e-16,35.64480478382161,1.4312294915402295e-15,-2.3821363684901145e-17,1.0,-1.810421012785945e-17,-1.0983659970660064e-31,1.810421012785945e-17,1.0,1.0,2.3821363684901145e-17,1.0940533273291703e-31,3.2851506592376535e-17,4.5653116341812124e-17,0.7071067811865475,0.7071067811865476,0.0,0.0,90.0,1.9999999999999998,1.1688816587831965e-15,0
22,4.884981308350699e-16,37.64606782824483,9.650106733559606e-16,-2.2642538116315768e-17,1.0,-4.431684024869488e-17,-1.1043012018324054e-31,4.431684024869488e-17,1.0,1.0,2.2642538116315768e-17,1.0942667443871478e-31,2.3583942336787802e-17,5.4920680597400864e-17,0.7071067811865475,0.7071067811865476,0.0,0.0,90.0,2.0000000000000004,1.1809863826622998e-15,0
23,1.7605952331582366e-16,39.647330872668064,1.9232708573019017e-15,2.583807854223613e-17,1.0,-5.68210332384121e-17,-1.1010703586266493e-31,5.68210332384121e-17,1.0,1.0,-2.583807854223613e-17,1.1157518218233003e-31,1.9163042508640634e-17,5.934158042554804e-17,0.7071067811865475,0.7071067811865476,0.0,0.0,90.0,2.0000000000000004,1.7113841592869497e-15,0
24,-1.332267629550189e-16,41.648593917091276,1.9966701093980164e-16,8.644748509917732e-18,1.0,-2.2501730639087252e-17,-1.1040371760267186e-31,2.2501730639087252e-17,1.0,1.0,-8.644748509917732e-18,1.1059823940508467e-31,3.1296748305428486e-17,4.7207874628760186e-17,0.7071067811865475,0.7071067811865476,0.0,0.0,90.0,1.9999999999999991,4.038339036688484e-16,0
25,-3.0568613869384627e-16,43.6498569615145,-2.0080588245847096e-17,-7.809202892328868e-18,1.0,-6.49509679216019e-18,-1.10278718551338e-31,6.49509679216019e-18,1.0,1.0,7.809202892328868e-18,1.102279970226827e-31,3.69559479739946e-17,4.154867496019407e-17,0.7071067811865475,0.7071067811865476,0.0,0.0,90.0,1.999999999999999,6.370308109723709e-16,0
26,-5.968334505317018e-16,45.65112000593773,4.042541482601415e-16,-7.964827817732524e-18,1.0,-5.0955528683710074e-17,-1.1063283823605622e-31,5.0955528683710074e-17,1.0,1.0,7.964827817732524e-18,1.1022698622372894e-31,2.1236811531495824e-17,5.726781140269285e-17,0.7071067811865475,0.7071067811865476,0.0,0.0,90.0,1.999999999999999,8.181650134820597e-16,0
27,-1.2999485325256806e-16,47.652383050360946,-3.901679374491932e-17,-4.2710544793215115e-18,1.0,-9.058479007055736e-17,-1.1080209697041472e-31,9.058479007055736e-17,1.0,1.0,4.2710544793215115e-18,1.1041520439702547e-31,7.225751801468865e-18,7.12788711327198e-17,0.7071067811865475,0.7071067811865476,0.0,0.0,90.0,1.999999999999999,6.181460191301304e-16,0
28,8.43477139779381e-16,49.65364609478417,4.207449309116693e-17,1.3885720789309428e-17,1.0,-6.16556734961517e-17,-1.112037986058483e-31,6.16556734961517e-17,1.0,1.0,-1.3885720789309428e-17,1.1205993207309268e-31,1.7453739053218057e-17,6.105088388097062e-17,0.7071067811865475,0.7071067811865476,0.0,0.0,90.0,1.9999999999999993,6.158409296133417e-16,1
29,-1.1182331109166537e-16,51.65490913920739,1.019135023284463e-16,2.8503297231773726e-17,1.0,-3.662699464701915e-18,-1.1285678958202125e-31,3.662699464701915e-18,1.0,1.0,-2.8503297231773726e-17,1.129611885935343e-31,3.79573516526248e-17,4.0547271281563865e-17,0.7071067811865475,0.7071067811865476,0.0,0.0,90.0,1.9999999999999991,4.073404867329338e-16,1
30,4.440892098500729e-17,53.656172183630616,9.808255689755192e-16,5.362776149045e-17,1.0,-7.884419764476348e-19,-1.130109295770635e-31,7.884419764476348e-19,1.0,1.0,-5.362776149045e-17,1.130532119553255e-31,3.897355513303521e-17,3.953106780115346e-17,0.7071067811865475,0.7071067811865476,0.0,0.0,90.0,1.9999999999999998,7.195067539997724e-16,1
31,-3.108624468950437e-16,55.657435228053835,-4.2014290042694023e-16,3.0928980044167327e-17,1.0,-5.916608008162655e-18,-1.128523206322054e-31,5.916608008162655e-18,1.0,1.0,-3.0928980044167327e-17,1.1303531528321901e-31,3.7160474644997115e-17,4.134414828919156e-17,0.7071067811865475,0.7071067811865476,0.0,0.0,90.0,1.9999999999999993,4.3979839222009747e-16,1
32,8.215650382226167e-16,57.658698272477054,4.5312561494050956e-17,-5.721884597342686e-18,1.0,-6.746418960370773e-18,-1.1285706871471155e-31,6.746418960370773e-18,1.0,1.0,5.721884597342686e-18,1.1281846648397499e-31,3.6867092169292494e-17,4.1637530764896166e-17,0.7071067811865475,0.7071067811865476,0.0,0.0,90.0,1.9999999999999993,6.158409296133417e-16,1
33,-2.785306403669776e-16,59.65996131690028,-1.4338066849605113e-16,-1.3355598959115805e-17,1.0,-1.0456258107842223e-17,-1.12906615838568e-31,1.0456258107842223e-17,1.0,1.0,1.3355598959115805e-17,1.1276696624866666e-31,3.555546596014831e-17,4.294915697404036e-17,0.7071067811865475,0.7071067811865476,0.0,0.0,90.0,1.9999999999999996,2.6127917847709276e-16,1
34,8.663844558129812e-16,61.66122436132352,1.9102663972234846e-16,0.00043622463381211545,0.9999999048540299,4.152270190155284e-12,-9.056635953562375e-16,-4.152270190154289e-12,1.0,0.9999999048540299,-0.00043622463381211545,-9.056590340030216e-16,1.4680884993739503e-12,-1.4680099963655654e-12,0.7069525356649441,0.7072609930689703,0.0,2.3791812964191195e-10,89.97500616877028,1.9999999999999996,6.451650219279249e-16,1
35,1.6237011735142913e-16,63.657550788565004,1.6436504934879439e-16,0.009598820050863205,0.9999539302656053,5.4925955806376945e-11,-2.5567002898250223e-13,-5.492603210348671e-11,1.0,0.9999539302656054,-0.009598820050863207,-2.7156684793713007e-13,1.9422344718241403e-11,-1.9416645775548187e-11,0.7037049026222344,0.710492371546262,0.0,3.1470506201003445e-09,89.45001967693827,1.9999999999999991,4.710277376051325e-16,1
36,2.284139179566166e-16,65.63874725362382,-1.1367854143554637e-17,0.03366924569918941,0.9994330302194534,-6.393684704661837e-07,1.3835055556200109e-08,6.392650985739189e-07,0.9999999999997956,0.9994330302196578,-0.03366924569919137,7.696362173014254e-09,-2.2497933024134758e-07,2.2714999387624737e-07,0.6951009834192106,0.718912110657168,88.76019107709908,3.663576887902309e-05,-0.6896614192954758,1.9999999999999993,2.4049357104613274e-16,1
37,2.7208367633414326e-16,67.31557023452484,-1.939601497804447e-16,0.06754776874490691,0.9977160412347659,-6.417071183537972e-07,1.3985281935496806e-08,6.422292689317201e-07,0.9999999999997937,0.9977160412349719,-0.06754776874490194,2.9427814010774495e-08,-2.298311799839444e-07,2.2436830034880498e-07,0.6828075245832431,0.7305983057552219,88.7525155693055,3.6805750141866156e-05,-2.625666789032664,1.9999999999999996,2.482534153247273e-16,1
38,-4.230180528199932e-19,69.20521812884702,-4.870508929331873e-18,0.11867647934200298,0.9929329752055708,6.327481646635929e-07,-1.0454065098171183e-07,-6.247568201956467e-07,0.9999999999997994,0.992932975205767,-0.11867647934204531,2.965791974347418e-08,1.98926160781727e-07,-2.4645656935283787e-07,0.6638235912717609,0.7478891894331418,-99.49930545182143,3.629360131185422e-05,-177.3164191506596,2.000007412812307,5.547239992591156e-06,1
39,0.01248700407173132,70.49612252931558,1.188602892198475e-10,0.17906732288354626,0.9838368227886742,6.376863646329802e-07,-1.051825576888717e-07,-6.2901854380621e-07,0.9999999999997967,0.9838368227888753,-0.17906732288357693,-9.154193314078734e-09,2.0778966936199057e-07,-2.418788499031439e-07,0.6406764694899981,0.7678109542340028,-99.49299582123186,3.6540501810122805e-05,179.1775570985244,2.0005799854635504,0.00040805482624985064,1
40,0.24927693118760674,72.21886193469335,1.3813292603051162e-09,0.2580706222409195,0.9661260548891993,6.453443481789004e-07,-1.0747880677575613e-07,-6.392615358119748e-07,0.99999999999979,0.9661260548894088,-0.2580706222409346,-6.113654674722234e-08,2.2077375509113092e-07,-2.372987575505241e-07,0.6090687062060273,0.7931174636334841,-99.54385908703905,3.714105847052451e-05,174.58824864979533,2.0000086446402974,6.08293661471309e-06,1
41,0.7310759832446534,73.74557428437762,-1.9105028593517203e-05,0.354194429898097,0.9351718055142236,6.550502437897205e-07,-1.133600607344961e-07,-6.575248933712147e-07,0.9999999999997775,0.9351718055144462,-0.35419442989809247,-1.2688052208114366e-07,2.38317030255634e-07,-2.3345741643890828e-07,0.5682453563830477,0.8228591707874391,-99.7818738803344,3.8229188845662065e-05,169.03779294744254,2.009650457590105,0.006791911117716458,1
42,0.7506439472757793,73.8012368705462,-6.40300502777278e-11,0.46648886151968116,0.8845270725521227,6.65991450532062e-07,-1.2633985550287193e-07,-6.863049577694323e-07,0.9999999999997566,0.8845270725523645,-0.4664888615196518,-2.0840259587056186e-07,2.61214166317061e-07,-2.3132492918774128e-07,0.5164838518677094,0.8562969290846327,-100.43063274410699,3.9983105665442054e-05,162.62401150671894,2.0000018287092827,1.286974729845644e-06,1
43,1.4874111036284323,75.24745924198149,-1.3174088403436457e-13,0.5860023982898653,0.8103093169883167,6.736492415472798e-07,-1.4934245186531727e-07,-7.233462509921783e-07,0.9999999999997272,0.8103093169885829,-0.586002398289806,-3.0286905770705353e-07,2.8809888384580487e-07,-2.3104604483095702e-07,0.45497120881987024,0.890506147729958,-101.66541050192755,4.231877937854733e-05,155.79157404023783,2.000000292271728,2.1656003060666882e-07,1
44,2.43841823891407,76.54379207774915,1.8011367753803336e-10,0.6995260019264675,0.7146071456599854,6.784505095077157e-07,-1.8623036217337037e-07,-7.671033408331949e-07,0.9999999999996885,0.7146071456602833,-0.6995260019263759,-4.0352718552954374e-07,3.174760328763282e-07,-2.3450221619358208e-07,0.38760417830141014,0.9218259059947995,-103.6457524486087,4.522845088672511e-05,149.25676501939222,2.0002131792350064,0.00014998390608576375,1
45,3.895826283342696,77.92079937165894,2.375483187704951e-10,0.796690651903727,0.6043872973245887,1.3760778528946677e-06,-7.609486838041492e-07,-1.2737480640902652e-06,0.9999999999988993,0.6043872973256763,-0.7966906519038973,-5.548754571340908e-07,4.823281998452321e-07,-5.636743432199161e-07,0.31883330134698723,0.9478108070451776,-120.85447905239157,8.501189785192764e-05,158.03924418654896,2.000000090827417,6.736546649271015e-08,1
46,5.591425490983025,78.9757712972697,2.9939106967103787e-09,0.8741595592170837,0.48563882158197613,1.3651463286729185e-06,-8.292741588578461e-07,-1.3183221090283025e-06,0.9999999999987872,0.48563882158318683,-0.8741595592171555,-7.496961484582082e-07,5.340797281657141e-07,-5.667239605222069e-07,0.25083903283009407,0.9680288113523567,-122.1714359046429,8.923564863039246e-05,151.22577064465702,2.000000071818432,5.778812590103571e-08,1
47,7.468747169554417,79.67402655819414,-3.5166395663533725e-10,0.9277224694140652,0.3732707057140553,-1.663243460104666e-11,3.116321631098436e-07,-7.744822271050891e-07,0.9999999999996516,0.37327070571392523,-0.9277224694137419,-8.34827721694447e-07,4.0980046600284055e-07,7.93593687397531e-08,0.1901019865571139,0.9817643478487414,-68.08138633351196,4.783210508207958e-05,89.99885848507347,2.001004188478764,0.0007065172537577518,1
48,8.58638677164549,79.89954734637669,1.9696198581008668e-10,0.9637873832490876,0.26667185807631844,-2.509072623377158e-11,2.226486147988623e-07,-8.045874681436799e-07,0.9999999999996515,0.2666718580762255,-0.9637873832487519,-8.348253703237372e-07,4.136148335960365e-07,5.617935000623284e-08,0.13455968332101928,0.990905490763056,-74.53195939687572,4.783197039159859e-05,89.9982779719345,2.0001110925690764,7.816088708316864e-05,1
49,9.437585845845028,79.98415801331244,-2.0388952158563858e-10,0.9841798731645264,0.1771721684064875,-3.2171505503407335e-11,1.4793901752286827e-07,-8.216100378828324e-07,0.9999999999996515,0.17717216840642575,-0.9841798731641835,-8.348227394006798e-07,4.1575578630174085e-07,3.713997868683868e-08,0.08893853730377756,0.9960371160665101,-79.79270225586734,4.783181964285177e-05,89.99779199655472,2.0000469786944257,3.3053524056043735e-05,1
50,10.726058963521123,80.0,-1.6209230868449794e-15,0.9943565846236954,0.10608950285254291,-1.1122368847873793e-10,8.867597885409929e-08,-8.300945655806289e-07,0.9999999999996516,0.10608950285250586,-0.994356584623349,-8.348175876570382e-07,4.168165209804463e-07,2.222818351070585e-08,0.05311974857011103,0.9985881494949127,-83.90242531635403,4.783152485288156e-05,89.99236641873938,2.0000140022151816,1.0478295543162509e-05,1
51,12.373047666904645,80.0,-1.3661171451506278e-15,0.998424015153382,0.05612028122701511,-9.387181885872678e-11,4.694363305574299e-08,-8.334915249859152e-07,0.9999999999996516,0.05612028122699548,-0.9984240151530341,-8.34812444861659e-07,4.1724041605818293e-07,1.1764012109855706e-08,0.028071202740689083,0.9996059261411554,-86.77641179003352,4.7831230091333055e-05,89.99355728457863,1.9999999999999993,2.0147036237143255e-15,1
52,13.167459428903667,80.0,-2.400580796420341e-15,0.9997325275314847,0.023127330055783782,5.7453325982962406e-12,1.9301205498125165e-08,-8.345878336620392e-07,0.9999999999996516,0.02312733005577573,-0.9997325275311364,-8.348109897440064e-07,4.173776160955536e-07,4.824187637154047e-09,0.01156443834596476,0.999933129646962,-88.67517776207609,4.783114641782049e-05,90.00039432076693,2.0,1.9802901108347324e-15,1
53,15.168722473326852,80.0,-2.344772192629705e-15,0.9999831164433685,0.005810923180415877,-2.4999565679081584e-12,4.853522609234198e-09,-8.34796908740976e-07,0.9999999999996517,0.0058109231804138505,-0.9999831164430201,-8.348110178471281e-07,4.1740374352122674e-07,1.214010765827611e-09,0.0029054738539166553,0.999995779101847,-89.66688517282711,4.783114800943622e-05,89.9998284198972,2.0,2.0125847411399667e-15,1
54,17.169985517750078,80.0,-2.457921763924013e-15,0.9999998202205528,0.0005996322722860661,7.717188785486206e-12,4.928624483146506e-10,-8.348108859871112e-07,0.9999999999996516,0.0005996322722858637,-0.9999998202202044,-8.348110314415013e-07,4.174054981729335e-07,1.212863203501418e-10,0.0002998161496182043,0.9999999550550501,-89.96617325509045,4.7831148805244084e-05,90.0005296556111,2.0,2.028071805586845e-15,1
55,19.171248562173304,80.0,-2.8725827632669003e-15,1.0,0.0,-1.6127895827198561e-16,1.6127895827192943e-16,-8.34811033755191e-07,0.9999999999996516,-1.3463745387799662e-22,-0.9999999999996516,-8.34811033755191e-07,4.174055169331431e-07,8.063947913598579e-17,-3.365936347397848e-23,0.999999999999913,-89.99999998893091,4.783114891893092e-05,89.99999998893088,2.0,2.0088123203141563e-15,1
56,19.40555913964233,80.0,-2.7453864758356207e-15,1.0,0.0,-1.3985124409217711e-16,1.398512440921284e-16,-8.34811033755191e-07,0.9999999999996516,-1.1674936165253993e-22,-0.9999999999996516,-8.34811033755191e-07,4.174055169331431e-07,6.992562204608248e-17,-2.9187340417019187e-23,0.999999999999913,-89.99999999040156,4.783114891893092e-05,89.99999999040153,2.1812256699876658,0.13162958724648957,1
57,21.172511606596515,80.0,-3.0947577971591417e-15,1.0,1.1934897670349448e-15,4.555862806891895e-15,-4.555861810551882e-15,-8.34811033755191e-07,0.9999999999996516,1.1934935703190685e-15,-0.9999999999996516,-8.34811033755191e-07,4.174055169331431e-07,-2.277931154361143e-15,5.967458343385556e-16,0.999999999999913,-90.00000031268353,4.783114891893092e-05,90.0000003126836,2.0,2.0102278077384043e-15,1
58,23.17377465101974,80.0,-3.3913622659448305e-15,1.0,1.1934897670349448e-15,4.547674866242272e-15,-4.547673869902262e-15,-8.34811033755191e-07,0.9999999999996516,1.1934935634836854e-15,-0.9999999999996516,-8.34811033755191e-07,4.174055169331431e-07,-2.273837184036332e-15,5.967458326297098e-16,0.999999999999913,-90.00000031212156,4.783114891893092e-05,90.00000031212164,2.0,2.0088123203141563e-15,1
59,25.175037695442967,80.0,-3.451295575400013e-15,1.0,-1.1344828604474452e-15,-4.5612335351491605e-15,4.5612325880687625e-15,-8.34811033755191e-07,0.9999999999996516,-1.1344866682151326e-15,-0.9999999999996516,-8.34811033755191e-07,4.174055169331431e-07,2.2806165308046797e-15,-5.67242382165694e-16,0.999999999999913,-89.99999968694786,4.783114891893092e-05,89.99999968694783,1.9999999999999993,1.944780412920468e-15,1
60,27.176300739866193,80.0,-3.9348910987812266e-15,1.0,-1.1344828604474452e-15,-4.569698655778213e-15,4.569697708697812e-15,-8.34811033755191e-07,0.9999999999996516,-1.1344866752819087e-15,-0.9999999999996516,-8.34811033755191e-07,4.174055169331431e-07,2.284849091119206e-15,-5.672423839323881e-16,0.999999999999913,-89.99999968636688,4.783114891893092e-05,89.99999968636678,2.0,2.0102278077384043e-15,0
61,29.17756378428941,80.0,-3.957611630960111e-15,1.0,-1.1344828604474452e-15,-4.580885955186721e-15,4.580885008106316e-15,-8.34811033755191e-07,0.9999999999996516,-1.1344866846211898e-15,-0.9999999999996516,-8.34811033755191e-07,4.174055169331431e-07,2.2904427408234593e-15,-5.672423862672084e-16,0.999999999999913,-89.99999968559906,4.783114891893092e-05,89.999999685599,1.9999999999999996,1.933779744124978e-15,0
62,31.14529293617323,80.00000000000004,1.6241099371619884e-13,1.0,-1.1344828604474452e-15,-4.583073510960586e-15,4.5830725638801805e-15,-8.34811033755191e-07,0.9999999999996516,-1.1344866864473854e-15,-0.9999999999996516,-8.34811033755191e-07,4.174055169331431e-07,2.291536518710392e-15,-5.672423867237573e-16,0.999999999999913,-89.99999968544891,4.783114891893092e-05,89.99999968544887,2.3820060624124335,0.2672497766743193,1
63,31.178826828712623,80.0,-4.133758122000143e-15,1.0,-1.1344828604474452e-15,-4.573042837528896e-15,4.573041890448493e-15,-8.34811033755191e-07,0.9999999999996516,-1.1344866780736686e-15,-0.9999999999996516,-8.34811033755191e-07,4.174055169331431e-07,2.286521181994547e-15,-5.67242384630328e-16,0.999999999999913,-89.99999968613736,4.783114891893092e-05,89.9999996861373,1.999999999999999,2.0411201962889075e-15,1
64,33.180089873135856,80.0,-4.67034389022863e-15,1.0,-1.1344828604474452e-15,-4.564888478180497e-15,4.564887531100098e-15,-8.34811033755191e-07,0.9999999999996516,-1.1344866712663194e-15,-0.9999999999996516,-8.34811033755191e-07,4.174055169331431e-07,2.282444002320348e-15,-5.672423829284908e-16,0.999999999999913,-89.99999968669702,4.783114891893092e-05,89.99999968669692,2.0,2.0088123203141563e-15,1
65,35.18135291755908,80.0,-4.953365961078499e-15,1.0,-1.1344828604474452e-15,-4.582104518295733e-15,4.582103571215327e-15,-8.34811033755191e-07,0.9999999999996516,-1.1344866856384597e-15,-0.9999999999996516,-8.34811033755191e-07,4.174055169331431e-07,2.2910520223779652e-15,-5.672423865215258e-16,0.999999999999913,-89.99999968551543,4.783114891893092e-05,89.99999968551538,2.0,2.0102278077384043e-15,1
66,37.182615961982265,80.0,-5.517691077729701e-15,1.0,-2.32797262748239e-15,-9.251532688468397e-15,9.251530745047937e-15,-8.34811033755191e-07,0.9999999999996516,-2.3279803507631464e-15,-0.9999999999996516,-8.34811033755191e-07,4.174055169331431e-07,4.6257658583794874e-15,-1.163988244561486e-15,0.999999999999913,-89.99999936503755,4.783114891893092e-05,89.99999936503741,2.0,1.977654993086179e-15,1
67,39.183879006405505,80.0,-5.718310770795759e-15,0.9999999998670565,-1.3836139003653895e-05,8.628348609007053e-06,-8.628360159565551e-06,-8.347513421715697e-07,0.9999999999624274,-1.3836131800608453e-05,-0.9999999999039323,-8.348707252511362e-07,4.174055169250969e-07,-4.3141771922869125e-06,-6.918067701296117e-06,0.999999999966677,-174.47411279896394,0.0004966767815517414,174.4733200468006,2.0,2.0262008902388098e-15,1
68,41.18514205082872,80.0,-5.512896567079182e-15,0.9999818399984505,-0.0051137231677337676,0.003188966709937981,-0.0031889709789293926,7.3190203913167316e-06,0.9999949151923361,-0.005113720505547392,-0.9999869248054175,-8.988627298286789e-06,4.174036218149678e-07,-0.0015944916612261747,-0.002556872526549124,0.9999954599892197,179.86850045201038,0.18271536899743523,179.83850284723292,2.0,2.0224538673554618e-15,1
69,43.18619775951214,80.0,-5.968084340117781e-15,0.9995721683302684,-0.024819942384441473,0.015474196572310472,-0.015474217530735863,0.00019123126280936735,0.9998802488410379,-0.024819929317727044,-0.9996919194885179,-0.00019291973953828353,4.2216433851808646e-07,-0.007737931203034678,-0.01241129548286091,0.9998930363618681,179.29197153121345,0.8867104503797236,179.28571967029632,2.0,2.0088123203141563e-15,1
70,45.18681037485888,80.0,-6.639140057688305e-15,0.9954906184670184,-0.08080611740381521,0.04968701977653761,-0.04968778339844924,0.0020026249581997758,0.9987627914946701,-0.08080564785398359,-0.9967278268832459,-0.0020214825006346485,4.719709353919761e-06,-0.024871755675652692,-0.04044856655187473,0.9988720184344106,177.69199024903497,2.850387238375305,177.67024514774107,2.0000000000000004,2.1964033881477595e-15,1
71,47.1880734192821,80.0,-6.422247104059749e-15,0.9868514777815145,-0.13746869116115537,0.08500893924100067,-0.08500755582123593,0.005891669426725997,0.9963628875488417,-0.13746954664121327,-0.9904885901320646,-0.005871674757189435,-5.015180120472729e-06,-0.042644533066117055,-0.06896161909943578,0.996707448986715,176.0353072791072,4.888185899372189,176.0487837382177,2.0000000105858584,7.521716545879996e-09,1
72,49.189527693316315,79.99950156061635,0.0003108315670055191,0.9762879089713631,-0.1831601227424977,0.11538755666568475,-0.11535871787143064,0.010848758645361516,0.9932646528729966,-0.1831782874889464,-0.9830232316038151,-0.010537605031933406,-7.825367635804361e-05,-0.05803160724866971,-0.09213239427288643,0.9940542984978455,174.62749524403324,6.653676531443978,174.78201802503713,2.0011015374626813,0.0007671823940679869,1
73,51.17671919668063,79.81668342461383,0.1143179709044064,0.953561193504135,-0.2550404384830325,0.16023552970971255,-0.16020573347506686,0.021031931713968312,0.9868595547544214,-0.25505915628474407,-0.9667016254184958,-0.020803706606107798,-5.773044676313393e-05,-0.08105688921976235,-0.1290317168681704,0.988322110154004,172.5209366828442,9.298639035461179,172.60255122348303,2.000000005100057,7.155450161316899e-09,1
74,53.080393074759236,79.2958441158109,0.4389841235468972,0.9229788738984067,-0.3260191792202279,0.20450303938523254,-0.20447897894675368,0.034740882316802675,0.9782542707623326,-0.32603427044732913,-0.9447245978995249,-0.034598968445011286,-3.618200249208562e-05,-0.10427302292393942,-0.166245901426472,0.9805556769710051,170.35754962106586,11.970568578460217,170.39731208111152,2.0228195568543974,0.01606737431952478,1
75,55.90302264457204,76.97954450011272,1.8478178322879233,0.8850919605280639,-0.3943837670097058,0.24713086761435152,-0.24711902943931016,0.05173027090564886,0.9676033093995708,-0.39439118486289904,-0.9174886502792622,-0.05167368683552889,-1.4570783966436959e-05,-0.12727271933885462,-0.20311492965329053,0.9708480725900033,168.17680501171446,14.624043032285499,168.18992399630378,3.375992709241017,0.97607735261903,1
76,56.40528559004436,77.32409555650142,1.668411962197618,0.8409702300585473,-0.4585943042688764,0.28715907829532294,-0.28716550089832654,0.07152026582756725,0.9552072166131113,-0.4585902825497804,-0.885763013264891,-0.07154604868763377,6.718351393210698e-06,-0.14965424032852565,-0.23899475584710703,0.9594191550016798,166.01467817069988,17.21377965377468,166.0095338703578,4.115974784930584,1.4430851982839001,1
77,57.82194897139676,76.12180777550326,2.4184777640195945,0.7950394131843855,-0.5141611078419457,0.3217929251338056,-0.32182096679597133,0.09212606858086438,0.9423078333635673,-0.5141435566200693,-0.8527315771510852,-0.09222396931106777,2.583473096906712e-05,-0.16984134552806365,-0.2713562432615549,0.9473751664070362,164.02543786885087,19.557189592154202,164.00800723635837,2.017004017331125,0.011507121234029267,1
78,59.161282547038205,74.98534555117499,3.127186476760836,0.7554692866877276,-0.5554263275788827,0.3475165485322559,-0.3475633591008174,0.10988394337976634,0.9311955919128208,-0.5553970366162322,-0.8242736885401282,-0.11003189582280071,3.948030779770141e-05,-0.1854783073162329,-0.2964171961463121,0.9368749339080266,162.45538220323726,21.378040543231492,162.4309906179435,1.9999999999999987,2.8540423501557974e-15,1
79,60.5763892166879,73.78458772452106,3.875990542065224,0.7427337950720523,-0.5673364141273541,0.3556345074131333,-0.3555623088519061,0.1158784062550888,0.9274414480104296,-0.5673816653556655,-0.8152923329511299,-0.11565663685814001,-5.939379782909238e-05,-0.19047118539863714,-0.3038977295025612,0.9334703498282112,161.94911621813043,21.960567700509984,161.9848488023262,1.9999999999999987,3.0459233390689755e-15,1
80,61.99149588633759,72.5838298978671,4.624794607369615,0.7295096611195256,-0.5795400002729226,0.3632479076566524,-0.3631810526116948,0.12181340123755176,0.9237212882156611,-0.5795818987486897,-0.8057883613968374,-0.12161389427307874,-5.363540593293358e-05,-0.19529299274529197,-0.31161806177566886,0.9299219470918009,161.4581960382434,22.52368069423784,161.48966754443484,1.9999999999999984,2.6178672835167827e-15,1
81,63.40660255598728,71.38307207121319,5.373598672673999,0.7071009496515097,-0.6000010106262618,0.3741751384704731,-0.3744899106129959,0.13109863253053983,0.9179163662326175,-0.5998045963903608,-0.7891843484231598,-0.13199435727677694,0.00024238179206804896,-0.20258765543526613,-0.3246656234335367,0.9238779227131806,160.70625143382932,23.376655004193623,160.5691508088172,1.9999999999999984,4.314184393666809e-15,1
82,64.82170922563698,70.18231424455925,6.122402737978394,0.7071067811865464,-0.6000000000000002,0.3741657386773961,-0.374482359038421,0.13109222477521204,0.9179203622169543,-0.5998024364480532,-0.7891861812040839,-0.13199321432366923,0.00024380602343812333,-0.2025827224867556,-0.3246642110805886,0.9238795003418444,160.70676447746172,23.376077960964494,160.5688548941842,1.9999999999999987,5.530752153197293e-15,1
83,66.23681589528667,68.98155641790532,6.871206803282784,0.7071067811865465,-0.6000000000000001,0.37416573867739633,-0.3744823590384212,0.1310922247752122,0.9179203622169543,-0.5998024364480531,-0.789186181204084,-0.13199321432366917,0.00024380602343806323,-0.20258272248675574,-0.3246642110805886,0.9238795003418444,160.70676447746166,23.376077960964494,160.5688548941842,1.9999999999999993,2.9826988846756113e-15,1
84,67.65192256493637,67.78079859125137,7.620010868587181,0.7071067811865466,-0.5999999999999996,0.3741657386773964,-0.3744823590384212,0.13109222477521218,0.9179203622169542,-0.5998024364480528,-0.7891861812040842,-0.13199321432366906,0.00024380602343804068,-0.2025827224867557,-0.32466421108058835,0.9238795003418445,160.70676447746172,23.376077960964494,160.56885489418426,1.9999999999999984,4.010420251702963e-15,1
85,69.06702923458607,66.58004076459744,8.368814933891569,0.7071067811865465,-0.6000000000000001,0.3741657386773965,-0.3744823590384213,0.1310922247752122,0.9179203622169542,-0.599802436448053,-0.7891861812040839,-0.1319932143236692,0.00024380602343807828,-0.2025827224867558,-0.3246642110805886,0.9238795003418444,160.70676447746172,23.376077960964494,160.5688548941842,1.999999999999998,5.115929640936297e-15,1
86,70.48213590423576,65.3792829379435,9.117618999195956,0.7071067811865462,-0.6000000000000001,0.37416573867739644,-0.3744823590384213,0.13109222477521218,0.9179203622169541,-0.5998024364480531,-0.7891861812040839,-0.1319932143236693,0.0002438060234381083,-0.2025827224867558,-0.3246642110805886,0.9238795003418444,160.70676447746172,23.376077960964494,160.5688548941842,1.9999999999999984,4.8514821178100576e-15,1
87,71.89724257388546,64.17852511128956,9.866423064500358,0.7071067811865467,-0.5999999999999998,0.37416573867739633,-0.37448235903842114,0.13109222477521207,0.9179203622169543,-0.5998024364480528,-0.7891861812040842,-0.13199321432366912,0.00024380602343808576,-0.20258272248675568,-0.32466421108058835,0.9238795003418445,160.70676447746172,23.376077960964494,160.56885489418426,1.999999999999999,4.229060869218795e-15,1
88,73.31234924353517,62.97776728463564,10.615227129804747,0.7071067811865466,-0.5999999999999998,0.3741657386773963,-0.37448235903842114,0.13109222477521204,0.9179203622169542,-0.5998024364480528,-0.7891861812040842,-0.13199321432366912,0.00024380602343809327,-0.20258272248675566,-0.32466421108058835,0.9238795003418445,160.70676447746172,23.376077960964494,160.56885489418426,1.9999999999999998,3.3373521743463716e-15,1
89,74.72745591318487,61.777009457981684,11.364031195109144,0.7071067811865462,-0.6000000000000001,0.3741657386773964,-0.3744823590384213,0.13109222477521218,0.9179203622169542,-0.5998024364480531,-0.7891861812040839,-0.13199321432366934,0.00024380602343811582,-0.20258272248675577,-0.3246642110805886,0.9238795003418444,160.70676447746172,23.376077960964494,160.5688548941842,1.9999999999999984,1.1441969811286345e-14,1
90,76.14256258283454,60.57625163132775,12.112835260413531,0.7071067811865462,-0.6000000000000003,0.37416573867739633,-0.3744823590384212,0.13109222477521212,0.9179203622169542,-0.5998024364480533,-0.7891861812040839,-0.1319932143236694,0.00024380602343814585,-0.20258272248675574,-0.32466421108058874,0.9238795003418444,160.70676447746172,23.376077960964494,160.56885489418414,1.9999999999999996,6.305982580379489e-15,1
91,77.55766925248423,59.375493804673845,12.861639325717912,0.7014393032830397,-0.5970649457692487,0.3892253259274992,-0.3859843543497851,0.14086729393727004,0.9116866148496261,-0.5991652376490006,-0.7897277100573051,-0.13164787108290707,-0.002498918571534017,-0.21012007990946477,-0.32423741359892505,0.9223412638755206,159.95014410601163,24.26052025522776,161.312895708219,1.9999999999999987,3.0554027795365405e-15,1
92,78.97277592213396,58.17473597801989,13.610443391022317,0.7007576184566435,-0.5964864863460624,0.39133442447796724,-0.38757405695862973,0.14222045039910988,0.9108016764701871,-0.5989366498617379,-0.7899222842120629,-0.13152062331663023,-0.002900766036484735,-0.2111652133314294,-0.3240840067796777,0.9221552986263883,159.84936839779232,24.383626585370962,161.42340794258774,1.9999999999999993,4.523182886963234e-15,1
93,80.3878733711076,56.97398597536901,14.359242577203565,0.7010058986812383,-0.5952919540862237,0.3927062762604062,-0.38850142582615677,0.14300889881364956,0.9102829763272247,-0.5980446238744669,-0.790680684132547,-0.13102169131306024,-0.003249546947912965,-0.2117733512060028,-0.32349512883250625,0.9222214429220633,159.79114086075776,24.455513908391282,161.54934805593655,1.9999999999999993,7.734322182904263e-15,1
94,81.80274613141988,55.773426627369474,15.107922869320722,0.6928293576297591,-0.5883550047445059,0.41692429720325475,-0.4067735561496687,0.1585256188785623,0.8996693293519133,-0.595418134778987,-0.7929111025526515,-0.12949605486288354,-0.007888690087626982,-0.22383722633365702,-0.32168652022174576,0.9199741558237281,158.7084080768975,25.885363959628393,162.74528488412886,1.9999999999999973,3.864248483436028e-15,1
95,83.1882013689924,54.59782887514794,15.841036871566486,0.6773179070312803,-0.5751962224954783,0.4586826336822642,-0.4382795116907841,0.18528098611589533,0.8795351191487519,-0.5908904487693585,-0.7967560867736458,-0.126602589792992,-0.016021088515472418,-0.24489950009831266,-0.3183791471437105,0.9156430954462659,157.08397500595697,28.413664119483883,164.5697772935672,1.9999999999999993,2.3785734810242764e-15,1
96,83.39049593754781,54.384979727954466,16.345073868425658,0.6541586918693744,-0.5555497718128826,0.5132648993360085,-0.47946053711191666,0.2202536469759535,0.8494739103387134,-0.5849735029931709,-0.8017810062806715,-0.12228335440055868,-0.02694334449353674,-0.2730148366264111,-0.3136615262463136,0.909039824277347,155.32698829105084,31.8455049990435,166.5993231423078,2.00004584293656,3.4305682110809396e-05,1
97,84.42634533211691,53.54722888442066,16.535420527198717,0.6197791595578932,-0.526384897701689,0.5820590458444007,-0.5313632779443339,0.26433379946259766,0.8048482523519074,-0.5775178440792668,-0.8081129759713365,-0.11587302462948885,-0.04128538250594654,-0.30963105628373905,-0.30698376049177173,0.8989911551123762,153.55133450022907,36.40439723230065,168.7410727402143,3.4802383115186393,1.0427647914106004,1
98,85.70385254762131,52.46322806612083,17.605562477945806,0.5727002804550319,-0.4864450459325861,0.6598375603543435,-0.5900427850173615,0.314173117313325,0.7437370262442119,-0.569090415150074,-0.8152707952853898,-0.10709635726318856,-0.058507390399483376,-0.3531407256980374,-0.29823059471816016,0.8848316368079062,151.9665648521924,41.9492665546602,170.78087902088703,2.0002689456935583,0.00018921860331435768,1
99,86.32718900005278,51.9343095474593,18.325729226709473,0.5081830975222186,-0.4317090609932227,0.7452363558288558,-0.6544685181064512,0.36889942047671653,0.6599880122998361,-0.5598400648401908,-0.8231284858564261,-0.09507153922935288,-0.07916217431001456,-0.40464718460480226,-0.2866515432198086,0.8647686967736634,150.59167054177112,48.701041451955035,172.72991360858015,2.001088330314114,0.0007657191805143784,1
